0.0000009490 0.0000008952 0.0000007659 0.0000005998 0.0000004287 0.0000002757 0.0000001548 0.0000000715 0.0000000237 0.0000000038 0.0000000000 0.0000000000 0.0000000000 0.0000000000 0.0000000000 0.0000000000 0.0000000000 0.0000000000 0.0000000000 0.0000000000
0.0000011826 0.0000011163 0.0000009552 0.0000007479 0.0000005341 0.0000003428 0.0000001916 0.0000000874 0.0000000279 0.0000000037 0.0000000001 0.0000000000 0.0000000000 0.0000000000 0.0000000000 0.0000000000 0.0000000000 0.0000000000 0.0000000000 0.0000000000
0.0000013716 0.0000013000 0.0000011166 0.0000008779 0.0000006304 0.0000004081 0.0000002315 0.0000001090 0.0000000379 0.0000000072 0.0000000000 0.0000000000 0.0000000000 0.0000000000 0.0000000000 0.0000000000 0.0000000000 0.0000000000 0.0000000000 0.0000000000
0.0000015892 0.0000014444 0.0000012408 0.0000009756 0.0000007006 0.0000004535 0.0000002572 0.0000001210 0.0000000548 0.0000000433 0.0000000623 0.0000000910 0.0000001182 0.0000001390 0.0000001477 0.0000001380 0.0000001037 0.0000000399 0.0000000000 0.0000000000
0.0059778408 0.0030553370 0.0013060371 0.0004294103 0.0000906537 0.0000051848 0.0000004180 0.0000009392 0.0000030344 0.0000085642 0.0000200076 0.0000332800 0.0000471434 0.0000597592 0.0000687111 0.0000711599 0.0000645499 0.0000479741 0.0000242820 0.0000025052
0.2543945451 0.1812595435 0.1210279530 0.0745701580 0.0414836436 0.0201784025 0.0081666504 0.0025369921 0.0005366469 0.0001086635 0.0001363902 0.0002285093 0.0003360874 0.0004382420 0.0005181932 0.0005579938 0.0005425145 0.0004643511 0.0003290095 0.0001595828
1.8267853933 1.4898306082 1.1706336263 0.8809202254 0.6299834763 0.4238168072 0.2645494957 0.1503129669 0.0756350938 0.0323889082 0.0112094494 0.0031501615 0.0012016975 0.0011636502 0.0013680559 0.0014753813 0.0014526184 0.0012796371 0.0009564876 0.0005101970
5.7188158298 5.0321703026 4.3146393407 3.5939868126 2.8977734586 2.2513705019 1.6759664609 1.1868048928 0.7919279719 0.4916790453 0.2791233084 0.1413962849 0.0618251551 0.0225280014 0.0070930696 0.0028520384 0.0021518220 0.0018817926 0.0014188119 0.0007725715
10.8969558302 10.0777834716 9.1314678406 8.0936354354 7.0037868768 5.9032000502 4.8324306959 3.8286172435 2.9228910031 2.1382299591 1.4880487099 0.9757033451 0.5949563456 0.3313431817 0.1643254247 0.0700731031 0.0246345542 0.0070897983 0.0020664207 0.0008000848
14.7052420207 14.0866870133 13.2487256940 12.2258004116 11.0586927718 9.7929186687 8.4765839866 7.1578455492 5.8822190538 4.6900181924 3.6141771613 2.6786235479 1.8972812731 1.2737416816 0.8016543626 0.4659161727 0.2447084758 0.1123026443 0.0423406015 0.0110830655
15.2375907060 14.9547119666 14.4078096643 13.6248729031 12.6434644780 11.5073945413 10.2640662778 8.9621446444 7.6492031791 6.3694707621 5.1618599819 4.0583775041 3.0829493134 2.2506758691 1.5675642817 1.0308277416 0.6298418167 0.3477693121 0.1637170947 0.0551189512
13.2137512278 13.0553615123 12.6501355151 12.0186532350 11.1923806797 10.2112501564 9.1206474548 7.9680698601 6.7998669611 5.6585448808 4.5808023606 3.5961765420 2.7262307406 1.9842756287 1.3755892300 0.8979545177 0.5423315547 0.2939572275 0.1341899068 0.0427774573
10.4497492712 10.2292050177 9.7851050816 9.1428482455 8.3381168045 7.4140200806 6.4178038751 5.3973553561 4.3978268994 3.4587700765 2.6120957436 1.8808962206 1.2787128578 0.8089775043 0.4652976725 0.2332114837 0.0929593076 0.0224654551 0.0000000000 0.0000000000
7.4587394423 7.1410885817 6.6441949938 6.0002605110 5.2494574350 4.4367888346 3.6088001956 2.8102300485 2.0805607793 1.4503793957 0.9383206868 0.5500052548 0.2793496202 0.1114109111 0.0258002136 0.0000000000 0.0000000000 0.0000000000 0.0000000000 0.0000000000
4.5697232858 4.2033470264 3.7278729685 3.1779902186 2.5924535352 2.0110850575 1.4709541727 1.0017931018 0.6224628189 0.3399521650 0.1506450197 0.0428846369 0.0000000000 0.0000000000 0.0000000000 0.0000000000 0.0000000000 0.0000000000 0.0000000000 0.0000000000
2.2142862039 1.8983887780 1.5450628743 1.1850080986 0.8470050849 0.5542347025 0.3214092312 0.1544162011 0.0512630663 0.0038880822 0.0010252990 0.0048401950 0.0097934887 0.0157283751 0.0223232960 0.0290935165 0.0354279518 0.0406748269 0.0442773810 0.0367861052
0.9245771791 0.7028994387 0.4929711236 0.3122108803 0.1717078631 0.0764156501 0.0214436745 0.0000000000 0.0000000000 0.0005630502 0.0036808579 0.0128455092 0.0330023030 0.0703138787 0.1191434067 0.1746791206 0.2239362837 0.2446544053 0.2217116404 0.1423460677
0.6722197986 0.5432290304 0.4110893359 0.2880362033 0.1838187781 0.1052815372 0.0527448592 0.0182720869 0.0035290983 0.0087027972 0.0239738922 0.0523743707 0.0966386633 0.1433116979 0.1878143764 0.2260386311 0.2440258461 0.2327429144 0.1880972307 0.1093087364
0.4225814241 0.3961299381 0.3526727475 0.2983843044 0.2367321867 0.1739439084 0.1165916167 0.0697589428 0.0372612024 0.0216973371 0.0202096345 0.0270862666 0.0362412258 0.0428888480 0.0459825603 0.0453495795 0.0415212264 0.0354087799 0.0271638996 0.0149526644
0.2730855189 0.2667995494 0.2494679725 0.2233341699 0.1913334812 0.1569168081 0.1227198433 0.0911406562 0.0639372961 0.0420883587 0.0257927575 0.0145946578 0.0075982487 0.0037043960 0.0018193227 0.0010342975 0.0007381858 0.0004692133 0.0002557286 0.0001201258
0.2052602116 0.1953963620 0.1765394353 0.1518631214 0.1246347522 0.0978372771 0.0739563627 0.0546708061 0.0406173225 0.0314278934 0.0259599871 0.0226227645 0.0197751144 0.0161709986 0.0113969171 0.0061257577 0.0018488567 0.0000000000 0.0000000000 0.0000000000
0.2346772859 0.2172743678 0.2010333387 0.1861175005 0.1716320682 0.1569595294 0.1425923740 0.1297835430 0.1197566360 0.1129961708 0.1086895311 0.1048531102 0.0993927475 0.0912055281 0.0804506964 0.0681727551 0.0556440576 0.0434302934 0.0307966430 0.0164353787
0.4300459710 0.3973302677 0.3672516235 0.3406939522 0.3161302595 0.2918038802 0.2676329668 0.2452000864 0.2267589902 0.2138419747 0.2054917161 0.1979265341 0.1869103679 0.1705150653 0.1495879947 0.1264932092 0.1035655257 0.0814250456 0.0582097178 0.0312723284
0.8848406328 0.8509276827 0.8175600583 0.7837336085 0.7458476209 0.7006607367 0.6477742361 0.5895228994 0.5297355944 0.4720795047 0.4177374391 0.3646572741 0.3101404889 0.2540073228 0.1990745604 0.1496427749 0.1094967131 0.0792993444 0.0550213916 0.0301293285
1.6741698431 1.5694404118 1.4701887755 1.3744066975 1.2759139837 1.1714413044 1.0646149093 0.9639967140 0.8794102940 0.8170308339 0.7730755804 0.7330397509 0.6807793081 0.6090126303 0.5213484367 0.4275510059 0.3379378038 0.2574342563 0.1812276653 0.0981385301
3.7320564347 3.3767653142 3.0771668052 2.8395286006 2.6415249255 2.4534735742 2.2612621238 2.0705699450 1.8979964580 1.7578304975 1.6476836552 1.5457225625 1.4270642757 1.2820868239 1.1192577023 0.9564775151 0.8075738149 0.6663367839 0.5028894341 0.2841741378
13.8947909003 13.0391804657 12.3042030743 11.6450195882 10.9756126330 10.2361388274 9.4264685023 8.5938782626 7.8041891698 7.1046977815 6.4866380072 5.8859103441 5.2342272097 4.5100206878 3.7457126839 3.0036692131 2.3415690415 1.7717933628 1.2418353285 0.6682278624
31.8855433997 30.2991318112 28.7237307758 27.1151054987 25.4634354557 23.7705155256 22.0454989417 20.3261134257 18.6548003620 17.0319471535 15.4282992655 13.8252157620 12.2092284926 10.5633051549 8.9029358039 7.2861380680 5.7572503245 4.3085176017 2.9012867084 1.4845011831
41.9297334775 39.8690980359 37.5067899927 34.9901908239 32.5566621934 30.3857713766 28.4926736564 26.7069726623 24.7926212446 22.6315738749 20.2957480677 17.9709995648 15.8340395932 13.9468051578 12.2040234351 10.4005807747 8.3932591173 6.2014614045 3.9710165047 1.8725416200
31.7983565011 29.8918399797 27.8059309139 25.7222091163 23.8410610395 22.2490502677 20.8580206859 19.4798504139 17.9684578170 16.3033498545 14.5815924314 12.9512370508 11.5134023494 10.2484167320 9.0304961587 7.7158743557 6.2290899865 4.6003392279 2.9454733564 1.3937799225
11.9597594012 10.8502159902 9.8216324565 8.9339686842 8.2050190168 7.5932798049 7.0329512324 6.4832567760 5.9416971525 5.4282366206 4.9685796527 4.5749317611 4.2246066208 3.8655010913 3.4527481221 2.9738797340 2.4402961968 1.8703953316 1.2792743022 0.6644437256
2.5883244280 2.3032895539 2.0577570104 1.8577920191 1.7027173328 1.5806643096 1.4734730391 1.3691063533 1.2673653163 1.1753329559 1.1001348564 1.0420120576 0.9909545495 0.9324288732 0.8575624197 0.7659378622 0.6598678959 0.5392828794 0.3989269335 0.2254065095
1.7755848541 1.7159674335 1.6515930569 1.5807436126 1.5001212307 1.4066953768 1.3004770450 1.1850247058 1.0657561402 0.9475115960 0.8324249011 0.7196316609 0.6074977214 0.4965481872 0.3906523073 0.2957855143 0.2169244693 0.1544215174 0.1028079053 0.0537114802
1.0380693714 0.9714909022 0.9094824645 0.8531007103 0.7999663793 0.7466616193 0.6918916192 0.6375372846 0.5873286804 0.5442751500 0.5079259014 0.4735577623 0.4348902268 0.3882405412 0.3343955710 0.2773578181 0.2215248264 0.1687275634 0.1168302284 0.0614991714
0.6506879153 0.6166579786 0.5857162191 0.5573019565 0.5286985540 0.4971590940 0.4619597989 0.4246018140 0.3877558274 0.3536956020 0.3226145408 0.2922532876 0.2597246037 0.2238921825 0.1861330908 0.1493945304 0.1164596223 0.0879460868 0.0613871554 0.0328754653
0.4500525844 0.4285803759 0.4080133198 0.3883605955 0.3681709456 0.3458729804 0.3210945150 0.2948172178 0.2688103647 0.2447049310 0.2226887445 0.2011450820 0.1780390278 0.1526737097 0.1261069308 0.1003641798 0.0773472937 0.0575445901 0.0394424802 0.0206758746
0.3125763871 0.2966957653 0.2818864549 0.2680982894 0.2541327991 0.2387545578 0.2216773387 0.2036121036 0.1858364190 0.1695444569 0.1548743194 0.1405878849 0.1251057185 0.1078493969 0.0895465727 0.0716417945 0.0555333167 0.0416344587 0.0288359765 0.0152956361
0.2269538907 0.2152779399 0.2044182758 0.1943524263 0.1841739418 0.1729529696 0.1605055496 0.1473928197 0.1345747217 0.1229334602 0.1125381217 0.1024112513 0.0913347791 0.0788713324 0.0655719765 0.0525166137 0.0407582856 0.0306118983 0.0212360913 0.0112666863
0.1680096342 0.1590964489 0.1509206084 0.1434360873 0.1359258843 0.1276527705 0.1184672626 0.1087982920 0.0993768521 0.0908745566 0.0833350615 0.0760074198 0.0679533769 0.0588210457 0.0490193302 0.0393607709 0.0306452601 0.0231140708 0.0161163293 0.0085998654
0.1285828740 0.1216901406 0.1153897984 0.1096358963 0.1038701671 0.0975222273 0.0904824327 0.0830920701 0.0759207897 0.0694838904 0.0637989766 0.0582728832 0.0521726034 0.0452195808 0.0377310975 0.0303361814 0.0236530470 0.0178652671 0.0124689044 0.0066577392
